{
  "cpsduck": [
    [
      [
        -0.9832992800294625,
        -0.015498658171415675,
        0.18133537986621445,
        0.8267825063769945
      ],
      [
        0.18130379030829377,
        -0.17026464995005464,
        0.9685757539773668,
        -0.15586131303227954
      ],
      [
        0.015863414670597722,
        0.9852765028274606,
        0.17023096377149013,
        -0.2187249729982531
      ],
      [
        0.0,
        0.0,
        0.0,
        1.0
      ]
    ],
    [
      [
        0.5374719767333135,
        -0.02691135512527141,
        0.8428520248650132,
        0.7278880022214265
      ],
      [
        0.8431773257161723,
        0.0014369474463235246,
        -0.5376335660692295,
        -0.189627000598602
      ],
      [
        0.013257262874534713,
        0.9996367867888122,
        0.023463436981678517,
        -0.2139684565738817
      ],
      [
        0.0,
        0.0,
        0.0,
        1.0
      ]
    ],
    [
      [
        -0.9364686502339947,
        -0.3499073544889505,
        0.024313355948873277,
        0.7577919490405083
      ],
      [
        0.24772453624969618,
        -0.6107346399068316,
        0.7520874688185701,
        -0.12462047042454158
      ],
      [
        -0.2483120601458254,
        0.7103294423650084,
        0.6586145953296921,
        -0.20389244905819137
      ],
      [
        0.0,
        0.0,
        0.0,
        1.0
      ]
    ],
    [
      [
        0.07350621933604914,
        -0.27986806401339165,
        0.9572203759414035,
        0.7392031949483786
      ],
      [
        0.8970165190443946,
        0.4380167612228399,
        0.059182427455774914,
        -0.16575410798143758
      ],
      [
        -0.4358417809739408,
        0.8542924162113817,
        0.28324288677318943,
        -0.20619588172253323
      ],
      [
        0.0,
        0.0,
        0.0,
        1.0
      ]
    ],
    [
      [
        -0.8230993123192588,
        -0.022216494339168214,
        -0.567462872559966,
        0.9304355459970269
      ],
      [
        -0.5674396172350792,
        0.07229288946052373,
        0.820235389261015,
        0.22471228409956961
      ],
      [
        0.022800830511793775,
        0.9971359386828278,
        -0.07211087942016471,
        -0.20270027090847653
      ],
      [
        0.0,
        0.0,
        0.0,
        1.0
      ]
    ],
    [
      [
        -0.563442744467935,
        -0.0056370981358355365,
        -0.8261358454658627,
        0.6516901448814592
      ],
      [
        -0.6471315992908552,
        -0.618611579020781,
        0.445578865331591,
        -0.08263793038168438
      ],
      [
        -0.513568954059649,
        0.7856766913040173,
        0.3449043842025424,
        0.0013233779318719552
      ],
      [
        0.0,
        0.0,
        0.0,
        1.0
      ]
    ],
    [
      [
        -0.9951393208332057,
        0.004228306404948753,
        -0.09838580291208188,
        0.9308038098474944
      ],
      [
        -0.08708463775434792,
        0.4286673483162431,
        0.8992556104631879,
        0.20549581619491308
      ],
      [
        0.0459771404684872,
        0.9034525690475057,
        -0.42621553100112997,
        -0.20574566263974053
      ],
      [
        0.0,
        0.0,
        0.0,
        1.0
      ]
    ],
    [
      [
        0.6508995070391471,
        -0.49377289378985945,
        -0.5766437531240272,
        0.7484279025498014
      ],
      [
        -0.6633348598027369,
        -0.7393281330933182,
        -0.11567647263061706,
        -0.14906405934011133
      ],
      [
        -0.3692109308127637,
        0.457801773542175,
        -0.8087650352336702,
        -0.19537525071617026
      ],
      [
        0.0,
        0.0,
        0.0,
        1.0
      ]
    ]
  ]
}