{
  "stapler": [
    [
      [
        0.05162948419984472,
        0.08182331129922255,
        0.9953086667407702,
        0.9174702514659941
      ],
      [
        0.9986655965490665,
        -0.0030398158908287037,
        -0.05155371750560196,
        -0.2159779779876643
      ],
      [
        -0.001192740774654838,
        0.9966422152645255,
        -0.08187107011676402,
        -0.22403924486316087
      ],
      [
        0.0,
        0.0,
        0.0,
        1.0
      ]
    ],
    [
      [
        -0.10969560848684996,
        0.9910147340762646,
        -0.07652888554296777,
        0.9980178428112282
      ],
      [
        0.9939627258975059,
        0.10954245182229386,
        -0.006208927053765892,
        -0.21703988470645744
      ],
      [
        0.002230023564517663,
        -0.07674795171539982,
        -0.9970480323948246,
        -0.2346094231414469
      ],
      [
        0.0,
        0.0,
        0.0,
        1.0
      ]
    ],
    [
      [
        -0.9460000027383815,
        -0.32402423454107443,
        -0.009606781409651145,
        0.973888912247708
      ],
      [
        0.028537622151761855,
        -0.05372314517783346,
        -0.9981479989431046,
        -0.133776106600725
      ],
      [
        0.32290803480388225,
        -0.9445221644314504,
        0.06006897665869195,
        -0.22131659985465557
      ],
      [
        0.0,
        0.0,
        0.0,
        1.0
      ]
    ]
  ]
}